A1 <- 
structure(c(0.350289195545927, 0.188822983814787, 0.368874885729097,
0.626625398135974, 0.388612615322008, 0.132022124139509, 0.588268116252558,
0.468897103620928, 0.26873820782849, 2.09564957212039e-05, 0.517688680314564,
0.222908899932655, 0.162228010649975, 0.104636394035536, 0.611366428182271),
.Dim = c(5, 3))
A1_g <- 
c(0.793983771605836, 0.00707646578058734, 0.198939762613577)
A2 <- 
structure(c(0.350479008600935, 0.200716796844833, 0.790945862494627,
0.0743564793703762, 0.244990567440583, 0.512086955064006, 0.389721588918931,
0.139140488577739, 0.0323641973982994, 0.532649684534783, 0.137434036335059,
0.409561614236235, 0.069913648927634, 0.893279323231325, 0.222359748024634),
.Dim = c(5, 3))
A2_g <- 
c(0.834821327357397, 0.160848521278551, 0.00433015136405175)
A3 <- 
structure(c(0.229605257932827, 0.228459156729801, 0.423470582554394,
0.338194121363652, 0.737887153005649, 0.312083273145184, 0.285425114272181,
0.302541932214139, 0.448882534457449, 0.25951771715756, 0.45831146892199,
0.486115728998018, 0.273987485231467, 0.212923344178899, 0.00259512983679109),
.Dim = c(5, 3))
A3_g <- 
c(0.0556321080285927, 0.374031651799664, 0.570336240171744)
gamma <- 
c(0.289037729345364, 0.428375442447974, 0.282586828206662)
kappa <- 1.0196928696465
sigma <- 
c(1.80988302977189, 0.591922517195317, 1.67980512450437)
sigma_obs <- 0.876764706421424
turnover <- 
c(0.940731732098432, 0.345006345715681, 1.27641368971533)
