Alpha_rep <- 
structure(c(0, 0.648867355638961, 3.19231640858274e-15, 0.434850427619834, 0,
0.000498789861529913, 0.233418443562269, 0, 0, 0, 0.810947051123393,
1.03100792707284e-22, 0.360971033433617, 0, 0.000579474120887375,
0.539131867815701, 0, 0, 0, 0.385542418746539, 3.31009103890532e-17,
0.421674253855139, 0, 0.00104038542724748, 0.675436233064588, 0, 0, 0,
0.170085642539093, 2.39081515145011e-23, 0.676799893857429, 0,
0.00100001752373791, 0.400142372073439, 0, 0, 0, 0.370750316162937,
1.11823175695847e-05, 0.390606619580619, 0, 0.000733394332247514,
0.526979832097071, 0, 0),
.Dim = c(3, 3, 5))
CO2_flux <- 
structure(c(0.0233198070597063, 0.0245527566930784, 0.0253214022231422,
0.02616823444652, 0.024422255960365, 0.0263067332435879, 0.0256297849727182,
0.0253319704611846, 0.024687786149403, 0.0243850236131422, 0.0243640382659196,
0.0219392506290231, 0.0215511868285262, 0.0206487868949501, 0.0204697625698186,
0.0199848921586052, 0.0167112862553783, 0.0156742471366582, 0.0172825811460606,
0.0161926542566534, 0.0156929913986267, 0.0145815890545862, 0.0154829801181422,
0.0150622921763688, 0.015115102569188, 0.0157547290911897, 0.0163173588992203,
0.0172063454677372, 0.0151392007132196, 0.0169051900099063, 0.0146004798455751,
0.0154861100359484, 0.0164285261868544, 0.0139432928539426, 0.013054588590575,
0.0130508013030972, 0.0138104818535417, 0.0115619788206537, 0.0127032964891641,
0.0122988878705315, 0.0113606918969435, 0.0108561318494505, 0.0443762028221887,
0.0439785016862477, 0.0418652087776634, 0.0422420162480694, 0.0401123663845462,
0.0424012598260489, 0.0429916841581581, 0.0457992389613615, 0.0437051708588044,
0.0400984355001102, 0.0400757081151749, 0.0354290658931953, 0.0373299159921756,
0.0357487774113066, 0.0360997951302633, 0.0316176941879498, 0.0288589161270296,
0.0283049952905842, 0.0262754212498526, 0.0247030769229051, 0.024816575155862,
0.0565229760200093, 0.0548953227739627, 0.0554797377929758, 0.0571990942427757,
0.0554566710674873, 0.0531191483802752, 0.0550393634419348, 0.0472114567093922,
0.0535768496694679, 0.0480673425199512, 0.0489870829325983, 0.0450671750078549,
0.0410434056572689, 0.0449433941424428, 0.0428474514386536, 0.0410686306498711,
0.0375298516952698, 0.0359228494989282, 0.0333654143784929, 0.0321598277771928,
0.0321841201528263, 0.0419549297999469, 0.0429037020832472, 0.0418666198644455,
0.0430442588940839, 0.0426470026157662, 0.0430753755692239, 0.0442948704632766,
0.0443661788839116, 0.0462280328709329, 0.0418869908790708, 0.0396177022732534,
0.0412715063671789, 0.0397850932479569, 0.0348988239202975, 0.0326565892519737,
0.0289147617891018, 0.0324342185628656, 0.0276707405607387, 0.0260522250293675,
0.0306601620761669, 0.0254692866482659),
.Dim = c(21, 5))
gamma_rep <- 
structure(c(0.0961430602029459, 0.100917747657548, 0.802939192139506,
0.1032191733975, 0.101754756586907, 0.795026070015592, 0.0984234629979841,
0.100886635485864, 0.800689901516152, 0.0965067371739207, 0.104044155275128,
0.799449107550952, 0.0978072164822507, 0.101253908921465, 0.800938874596285),
.Dim = c(3, 5))
N_t <- 21
num_rep <- 5
t0 <- 0
t_cap <- 
c(0.00138888888888889, 0.00416666666666667, 0.00694444444444444,
0.00972222222222222, 0.0125, 0.0152777777777778, 0.0180555555555556,
0.0291666666666667, 0.0486111111111111, 0.0680555555555555, 0.125,
0.208333333333333, 0.291666666666667, 0.375, 0.458333333333333,
0.541666666666667, 0.625, 0.708333333333333, 0.791666666666667, 0.875,
0.958333333333333)
t_meas <- 
c(0.00277777777777778, 0.00555555555555556, 0.00833333333333333,
0.0111111111111111, 0.0138888888888889, 0.0166666666666667, 0.0194444444444444,
0.0388888888888889, 0.0583333333333333, 0.0777777777777778, 0.166666666666667,
0.25, 0.333333333333333, 0.416666666666667, 0.5, 0.583333333333333,
0.666666666666667, 0.75, 0.833333333333333, 0.916666666666667, 1)
totalC_t0 <- 1
