Alpha_rep <- 
structure(c(0, 0.394671919032976, 9.81138980245649e-05, 0.711887801571825, 0,
0.000332859997615961, 0.559255716585569, 0, 0, 0, 0.690047957799866,
2.48648244618525e-06, 0.557191289211321, 0, 0.161656251908025,
0.262191906873516, 0, 0, 0, 0.410479434524294, 5.88882234384847e-10,
0.182538812542691, 0, 0.00259209620754738, 0.466571132757795, 0, 0, 0,
0.523843060133387, 1.21285874878932e-28, 0.433238208981131, 0,
8.97172277961824e-07, 0.491836311452791, 0, 0, 0, 0.687471753173427,
7.29926412650988e-10, 0.460048602449039, 0, 1.24666480409e-05,
0.210623559832608, 0, 0),
.Dim = c(3, 3, 5))
CO2_flux <- 
structure(c(0.0401290265240711, 0.0412413117047964, 0.0418645966838548,
0.0405014130234869, 0.0408640051495737, 0.0440929907453777, 0.0419014069445134,
0.0416036253580703, 0.0418395219443525, 0.0390236821868619, 0.0379480353326013,
0.0357926623267095, 0.0337424348670667, 0.0324584421390689, 0.0308343711238932,
0.0287036102479655, 0.0274513352817692, 0.0277304487967147, 0.0261838472381057,
0.025732116751069, 0.0228642590830532, 0.0215607687925904, 0.0224254543491911,
0.022999875981399, 0.0236123545306051, 0.0235972129870677, 0.0242736435293469,
0.0247532354358726, 0.0226930495519864, 0.0227958612283265, 0.0181653543007255,
0.0215782547283621, 0.0187417464740559, 0.0191740014584451, 0.0189411956439157,
0.0180247912805582, 0.0169425633290749, 0.0161067820670124, 0.0160217012690613,
0.0148337232959618, 0.014521529291351, 0.0136225958946529, 0.0438407117724741,
0.0450941185539944, 0.0383708109011868, 0.0404439996496519, 0.0431062788794782,
0.0404482481587923, 0.0426053893917916, 0.0398562527555267, 0.0422831762868449,
0.0386618311981845, 0.0411461120652282, 0.0384955269210691, 0.0338861294338719,
0.0356228605285912, 0.0330900560152644, 0.0348082479910824, 0.0303880838204036,
0.0297530542494831, 0.0292869616098119, 0.0250122789464781, 0.023807209720908,
0.0359259351605573, 0.0370877623098866, 0.03325347323766, 0.0324818539038921,
0.0359540828831598, 0.0346481015436315, 0.035144216932288, 0.0368129034030974,
0.033144124254079, 0.0339999182055901, 0.0322262854314407, 0.0312307828218394,
0.0286782458050219, 0.0281357575686147, 0.0261763364719682, 0.0267604824910035,
0.0275178863324777, 0.0232455219542999, 0.0218211750764286, 0.0219326907450551,
0.0207907533558799, 0.0244762589694831, 0.0234351669265799, 0.0231511084985119,
0.0233176257690533, 0.0236025696351697, 0.0209777355050213, 0.0220183292348877,
0.0226820561726729, 0.022621897745548, 0.0223114178922863, 0.0240095511680348,
0.0190405667698299, 0.0201109549497277, 0.0175105502725646, 0.0197174695201744,
0.0173412894509531, 0.0174473493208232, 0.016532728073433, 0.0149107838506516,
0.0163002911540774, 0.0146750561270897),
.Dim = c(21, 5))
gamma_rep <- 
structure(c(0.0998071678317899, 0.0993345885110755, 0.800858243657135,
0.103486761849535, 0.100336446445702, 0.796176791704762, 0.098570203549742,
0.100211795330615, 0.801218001119643, 0.102996113225825, 0.096397566183087,
0.800606320591088, 0.0990538838539761, 0.0983391191421812, 0.802606997003843),
.Dim = c(3, 5))
N_t <- 21
num_rep <- 5
t0 <- 0
t_cap <- 
c(0.00138888888888889, 0.00416666666666667, 0.00694444444444444,
0.00972222222222222, 0.0125, 0.0152777777777778, 0.0180555555555556,
0.0291666666666667, 0.0486111111111111, 0.0680555555555555, 0.125,
0.208333333333333, 0.291666666666667, 0.375, 0.458333333333333,
0.541666666666667, 0.625, 0.708333333333333, 0.791666666666667, 0.875,
0.958333333333333)
t_meas <- 
c(0.00277777777777778, 0.00555555555555556, 0.00833333333333333,
0.0111111111111111, 0.0138888888888889, 0.0166666666666667, 0.0194444444444444,
0.0388888888888889, 0.0583333333333333, 0.0777777777777778, 0.166666666666667,
0.25, 0.333333333333333, 0.416666666666667, 0.5, 0.583333333333333,
0.666666666666667, 0.75, 0.833333333333333, 0.916666666666667, 1)
totalC_t0 <- 1
