A1 <- 
structure(c(0.0314377225515209, 0.116082596336468, 0.553954234380555,
0.513542758057105, 0.43535759744881, 0.761453355172083, 0.582205422198797,
0.0400427757488998, 0.200810234402155, 0.466625383018868, 0.207108922276396,
0.301711981464735, 0.406002989870545, 0.28564700754074, 0.0980170195323213),
.Dim = c(5, 3))
A1_g <- 
c(0.323877095025348, 0.396216400790886, 0.279906504183766)
A2 <- 
structure(c(0.387145103234767, 0.634251024239365, 0.161885598778279,
0.457343197016614, 0.0216531338917311, 0.187224102643594, 0.18711221388998,
0.520935219984062, 0.169435477596952, 0.392660002269221, 0.425630794121639,
0.178636761870655, 0.317179181237659, 0.373221325386434, 0.585686863839048),
.Dim = c(5, 3))
A2_g <- 
c(0.159133382898471, 0.687375676709371, 0.153490940392158)
A3 <- 
structure(c(0.155169177411674, 0.0255316371213721, 0.0302231758857418,
0.207118472411671, 0.456303644604283, 0.830540455496761, 0.596448421179273,
0.703966556376517, 0.364610254239418, 0.451846830397235, 0.0142903670915645,
0.378019941699355, 0.265810267737742, 0.428271273348911, 0.0918495249984821),
.Dim = c(5, 3))
A3_g <- 
c(0.229333195820212, 0.650671786583702, 0.119995017596086)
gamma <- 
c(0.317413590278522, 0.338080188168071, 0.344506221553407)
kappa <- 1.09214149465911
sigma <- 
c(1.17050166415617, 0.558781822264804, 0.864605346191188)
sigma_obs <- 1.70930312004291
turnover <- 
c(0.386609514340474, 1.80190380122419, 0.18182770298332)
